10 10000 10-10 1000 0 50 50
10 10000 10-15 1000 0 50 50
10 10000 10-20 1000 0 50 50
10 10000 10-25 1000 0 50 50
10 10000 15-15 1000 0 50 50
10 10000 15-20 1000 0 50 50
10 10000 15-25 1000 0 50 50
10 10000 20-20 1000 0 50 50
10 10000 20-25 1000 0 50 50
10 10000 25-25 1000 0 50 50
10 10000 10-10 4000 0 50 50
10 10000 10-15 4000 0 50 50
10 10000 10-20 4000 0 50 50
10 10000 10-25 4000 0 50 50
10 10000 15-15 4000 0 50 50
10 10000 15-20 4000 0 50 50
10 10000 15-25 4000 0 50 50
10 10000 20-20 4000 0 50 50
10 10000 20-25 4000 0 50 50
10 10000 25-25 4000 0 50 50
10 10000 10-10 7000 0 50 50
10 10000 10-15 7000 0 50 50
10 10000 10-20 7000 0 50 50
10 10000 10-25 7000 0 50 50
10 10000 15-15 7000 0 50 50
10 10000 15-20 7000 0 50 50
10 10000 15-25 7000 0 50 50
10 10000 20-20 7000 0 50 50
10 10000 20-25 7000 0 50 50
10 10000 25-25 7000 0 50 50
10 30000 10-10 3000 0 50 50
10 30000 10-15 3000 0 50 50
10 30000 10-20 3000 0 50 50
10 30000 10-25 3000 0 50 50
10 30000 15-15 3000 0 50 50
10 30000 15-20 3000 0 50 50
10 30000 15-25 3000 0 50 50
10 30000 20-20 3000 0 50 50
10 30000 20-25 3000 0 50 50
10 30000 25-25 3000 0 50 50
10 30000 10-10 12000 0 50 50
10 30000 10-15 12000 0 50 50
10 30000 10-20 12000 0 50 50
10 30000 10-25 12000 0 50 50
10 30000 15-15 12000 0 50 50
10 30000 15-20 12000 0 50 50
10 30000 15-25 12000 0 50 50
10 30000 20-20 12000 0 50 50
10 30000 20-25 12000 0 50 50
10 30000 25-25 12000 0 50 50
10 30000 10-10 21000 0 50 50
10 30000 10-15 21000 0 50 50
10 30000 10-20 21000 0 50 50
10 30000 10-25 21000 0 50 50
10 30000 15-15 21000 0 50 50
10 30000 15-20 21000 0 50 50
10 30000 15-25 21000 0 50 50
10 30000 20-20 21000 0 50 50
10 30000 20-25 21000 0 50 50
10 30000 25-25 21000 0 50 50
10 50000 10-10 5000 0 50 50
10 50000 10-15 5000 0 50 50
10 50000 10-20 5000 0 50 50
10 50000 10-25 5000 0 50 50
10 50000 15-15 5000 0 50 50
10 50000 15-20 5000 0 50 50
10 50000 15-25 5000 0 50 50
10 50000 20-20 5000 0 50 50
10 50000 20-25 5000 0 50 50
10 50000 25-25 5000 0 50 50
10 50000 10-10 20000 0 50 50
10 50000 10-15 20000 0 50 50
10 50000 10-20 20000 0 50 50
10 50000 10-25 20000 0 50 50
10 50000 15-15 20000 0 50 50
10 50000 15-20 20000 0 50 50
10 50000 15-25 20000 0 50 50
10 50000 20-20 20000 0 50 50
10 50000 20-25 20000 0 50 50
10 50000 25-25 20000 0 50 50
10 50000 10-10 35000 0 50 50
10 50000 10-15 35000 0 50 50
10 50000 10-20 35000 0 50 50
10 50000 10-25 35000 0 50 50
10 50000 15-15 35000 0 50 50
10 50000 15-20 35000 0 50 50
10 50000 15-25 35000 0 50 50
10 50000 20-20 35000 0 50 50
10 50000 20-25 35000 0 50 50
10 50000 25-25 35000 0 50 50
10 70000 10-10 7000 0 50 50
10 70000 10-15 7000 0 50 50
10 70000 10-20 7000 0 50 50
10 70000 10-25 7000 0 50 50
10 70000 15-15 7000 0 50 50
10 70000 15-20 7000 0 50 50
10 70000 15-25 7000 0 50 50
10 70000 20-20 7000 0 50 50
10 70000 20-25 7000 0 50 50
10 70000 25-25 7000 0 50 50
10 70000 10-10 28000 0 50 50
10 70000 10-15 28000 0 50 50
10 70000 10-20 28000 0 50 50
10 70000 10-25 28000 0 50 50
10 70000 15-15 28000 0 50 50
10 70000 15-20 28000 0 50 50
10 70000 15-25 28000 0 50 50
10 70000 20-20 28000 0 50 50
10 70000 20-25 28000 0 50 50
10 70000 25-25 28000 0 50 50
10 70000 10-10 49000 0 50 50
10 70000 10-15 49000 0 50 50
10 70000 10-20 49000 0 50 50
10 70000 10-25 49000 0 50 50
10 70000 15-15 49000 0 50 50
10 70000 15-20 49000 0 50 50
10 70000 15-25 49000 0 50 50
10 70000 20-20 49000 0 50 50
10 70000 20-25 49000 0 50 50
10 70000 25-25 49000 0 50 50
10 90000 10-10 9000 0 50 50
10 90000 10-15 9000 0 50 50
10 90000 10-20 9000 0 50 50
10 90000 10-25 9000 0 50 50
10 90000 15-15 9000 0 50 50
10 90000 15-20 9000 0 50 50
10 90000 15-25 9000 0 50 50
10 90000 20-20 9000 0 50 50
10 90000 20-25 9000 0 50 50
10 90000 25-25 9000 0 50 50
10 90000 10-10 36000 0 50 50
10 90000 10-15 36000 0 50 50
10 90000 10-20 36000 0 50 50
10 90000 10-25 36000 0 50 50
10 90000 15-15 36000 0 50 50
10 90000 15-20 36000 0 50 50
10 90000 15-25 36000 0 50 50
10 90000 20-20 36000 0 50 50
10 90000 20-25 36000 0 50 50
10 90000 25-25 36000 0 50 50
10 90000 10-10 63000 0 50 50
10 90000 10-15 63000 0 50 50
10 90000 10-20 63000 0 50 50
10 90000 10-25 63000 0 50 50
10 90000 15-15 63000 0 50 50
10 90000 15-20 63000 0 50 50
10 90000 15-25 63000 0 50 50
10 90000 20-20 63000 0 50 50
10 90000 20-25 63000 0 50 50
10 90000 25-25 63000 0 50 50
25 10000 10-10 1000 0 50 50
25 10000 10-15 1000 0 50 50
25 10000 10-20 1000 0 50 50
25 10000 10-25 1000 0 50 50
25 10000 15-15 1000 0 50 50
25 10000 15-20 1000 0 50 50
25 10000 15-25 1000 0 50 50
25 10000 20-20 1000 0 50 50
25 10000 20-25 1000 0 50 50
25 10000 25-25 1000 0 50 50
25 10000 10-10 4000 0 50 50
25 10000 10-15 4000 0 50 50
25 10000 10-20 4000 0 50 50
25 10000 10-25 4000 0 50 50
25 10000 15-15 4000 0 50 50
25 10000 15-20 4000 0 50 50
25 10000 15-25 4000 0 50 50
25 10000 20-20 4000 0 50 50
25 10000 20-25 4000 0 50 50
25 10000 25-25 4000 0 50 50
25 10000 10-10 7000 0 50 50
25 10000 10-15 7000 0 50 50
25 10000 10-20 7000 0 50 50
25 10000 10-25 7000 0 50 50
25 10000 15-15 7000 0 50 50
25 10000 15-20 7000 0 50 50
25 10000 15-25 7000 0 50 50
25 10000 20-20 7000 0 50 50
25 10000 20-25 7000 0 50 50
25 10000 25-25 7000 0 50 50
25 30000 10-10 3000 0 50 50
25 30000 10-15 3000 0 50 50
25 30000 10-20 3000 0 50 50
25 30000 10-25 3000 0 50 50
25 30000 15-15 3000 0 50 50
25 30000 15-20 3000 0 50 50
25 30000 15-25 3000 0 50 50
25 30000 20-20 3000 0 50 50
25 30000 20-25 3000 0 50 50
25 30000 25-25 3000 0 50 50
25 30000 10-10 12000 0 50 50
25 30000 10-15 12000 0 50 50
25 30000 10-20 12000 0 50 50
25 30000 10-25 12000 0 50 50
25 30000 15-15 12000 0 50 50
25 30000 15-20 12000 0 50 50
25 30000 15-25 12000 0 50 50
25 30000 20-20 12000 0 50 50
25 30000 20-25 12000 0 50 50
25 30000 25-25 12000 0 50 50
25 30000 10-10 21000 0 50 50
25 30000 10-15 21000 0 50 50
25 30000 10-20 21000 0 50 50
25 30000 10-25 21000 0 50 50
25 30000 15-15 21000 0 50 50
25 30000 15-20 21000 0 50 50
25 30000 15-25 21000 0 50 50
25 30000 20-20 21000 0 50 50
25 30000 20-25 21000 0 50 50
25 30000 25-25 21000 0 50 50
25 50000 10-10 5000 0 50 50
25 50000 10-15 5000 0 50 50
25 50000 10-20 5000 0 50 50
25 50000 10-25 5000 0 50 50
25 50000 15-15 5000 0 50 50
25 50000 15-20 5000 0 50 50
25 50000 15-25 5000 0 50 50
25 50000 20-20 5000 0 50 50
25 50000 20-25 5000 0 50 50
25 50000 25-25 5000 0 50 50
25 50000 10-10 20000 0 50 50
25 50000 10-15 20000 0 50 50
25 50000 10-20 20000 0 50 50
25 50000 10-25 20000 0 50 50
25 50000 15-15 20000 0 50 50
25 50000 15-20 20000 0 50 50
25 50000 15-25 20000 0 50 50
25 50000 20-20 20000 0 50 50
25 50000 20-25 20000 0 50 50
25 50000 25-25 20000 0 50 50
25 50000 10-10 35000 0 50 50
25 50000 10-15 35000 0 50 50
25 50000 10-20 35000 0 50 50
25 50000 10-25 35000 0 50 50
25 50000 15-15 35000 0 50 50
25 50000 15-20 35000 0 50 50
25 50000 15-25 35000 0 50 50
25 50000 20-20 35000 0 50 50
25 50000 20-25 35000 0 50 50
25 50000 25-25 35000 0 50 50
25 70000 10-10 7000 0 50 50
25 70000 10-15 7000 0 50 50
25 70000 10-20 7000 0 50 50
25 70000 10-25 7000 0 50 50
25 70000 15-15 7000 0 50 50
25 70000 15-20 7000 0 50 50
25 70000 15-25 7000 0 50 50
25 70000 20-20 7000 0 50 50
25 70000 20-25 7000 0 50 50
25 70000 25-25 7000 0 50 50
25 70000 10-10 28000 0 50 50
25 70000 10-15 28000 0 50 50
25 70000 10-20 28000 0 50 50
25 70000 10-25 28000 0 50 50
25 70000 15-15 28000 0 50 50
25 70000 15-20 28000 0 50 50
25 70000 15-25 28000 0 50 50
25 70000 20-20 28000 0 50 50
25 70000 20-25 28000 0 50 50
25 70000 25-25 28000 0 50 50
25 70000 10-10 49000 0 50 50
25 70000 10-15 49000 0 50 50
25 70000 10-20 49000 0 50 50
25 70000 10-25 49000 0 50 50
25 70000 15-15 49000 0 50 50
25 70000 15-20 49000 0 50 50
25 70000 15-25 49000 0 50 50
25 70000 20-20 49000 0 50 50
25 70000 20-25 49000 0 50 50
25 70000 25-25 49000 0 50 50
25 90000 10-10 9000 0 50 50
25 90000 10-15 9000 0 50 50
25 90000 10-20 9000 0 50 50
25 90000 10-25 9000 0 50 50
25 90000 15-15 9000 0 50 50
25 90000 15-20 9000 0 50 50
25 90000 15-25 9000 0 50 50
25 90000 20-20 9000 0 50 50
25 90000 20-25 9000 0 50 50
25 90000 25-25 9000 0 50 50
25 90000 10-10 36000 0 50 50
25 90000 10-15 36000 0 50 50
25 90000 10-20 36000 0 50 50
25 90000 10-25 36000 0 50 50
25 90000 15-15 36000 0 50 50
25 90000 15-20 36000 0 50 50
25 90000 15-25 36000 0 50 50
25 90000 20-20 36000 0 50 50
25 90000 20-25 36000 0 50 50
25 90000 25-25 36000 0 50 50
25 90000 10-10 63000 0 50 50
25 90000 10-15 63000 0 50 50
25 90000 10-20 63000 0 50 50
25 90000 10-25 63000 0 50 50
25 90000 15-15 63000 0 50 50
25 90000 15-20 63000 0 50 50
25 90000 15-25 63000 0 50 50
25 90000 20-20 63000 0 50 50
25 90000 20-25 63000 0 50 50
25 90000 25-25 63000 0 50 50
40 10000 10-10 1000 0 50 50
40 10000 10-15 1000 0 50 50
40 10000 10-20 1000 0 50 50
40 10000 10-25 1000 0 50 50
40 10000 15-15 1000 0 50 50
40 10000 15-20 1000 0 50 50
40 10000 15-25 1000 0 50 50
40 10000 20-20 1000 0 50 50
40 10000 20-25 1000 0 50 50
40 10000 25-25 1000 0 50 50
40 10000 10-10 4000 0 50 50
40 10000 10-15 4000 0 50 50
40 10000 10-20 4000 0 50 50
40 10000 10-25 4000 0 50 50
40 10000 15-15 4000 0 50 50
40 10000 15-20 4000 0 50 50
40 10000 15-25 4000 0 50 50
40 10000 20-20 4000 0 50 50
40 10000 20-25 4000 0 50 50
40 10000 25-25 4000 0 50 50
40 10000 10-10 7000 0 50 50
40 10000 10-15 7000 0 50 50
40 10000 10-20 7000 0 50 50
40 10000 10-25 7000 0 50 50
40 10000 15-15 7000 0 50 50
40 10000 15-20 7000 0 50 50
40 10000 15-25 7000 0 50 50
40 10000 20-20 7000 0 50 50
40 10000 20-25 7000 0 50 50
40 10000 25-25 7000 0 50 50
40 30000 10-10 3000 0 50 50
40 30000 10-15 3000 0 50 50
40 30000 10-20 3000 0 50 50
40 30000 10-25 3000 0 50 50
40 30000 15-15 3000 0 50 50
40 30000 15-20 3000 0 50 50
40 30000 15-25 3000 0 50 50
40 30000 20-20 3000 0 50 50
40 30000 20-25 3000 0 50 50
40 30000 25-25 3000 0 50 50
40 30000 10-10 12000 0 50 50
40 30000 10-15 12000 0 50 50
40 30000 10-20 12000 0 50 50
40 30000 10-25 12000 0 50 50
40 30000 15-15 12000 0 50 50
40 30000 15-20 12000 0 50 50
40 30000 15-25 12000 0 50 50
40 30000 20-20 12000 0 50 50
40 30000 20-25 12000 0 50 50
40 30000 25-25 12000 0 50 50
40 30000 10-10 21000 0 50 50
40 30000 10-15 21000 0 50 50
40 30000 10-20 21000 0 50 50
40 30000 10-25 21000 0 50 50
40 30000 15-15 21000 0 50 50
40 30000 15-20 21000 0 50 50
40 30000 15-25 21000 0 50 50
40 30000 20-20 21000 0 50 50
40 30000 20-25 21000 0 50 50
40 30000 25-25 21000 0 50 50
40 50000 10-10 5000 0 50 50
40 50000 10-15 5000 0 50 50
40 50000 10-20 5000 0 50 50
40 50000 10-25 5000 0 50 50
40 50000 15-15 5000 0 50 50
40 50000 15-20 5000 0 50 50
40 50000 15-25 5000 0 50 50
40 50000 20-20 5000 0 50 50
40 50000 20-25 5000 0 50 50
40 50000 25-25 5000 0 50 50
40 50000 10-10 20000 0 50 50
40 50000 10-15 20000 0 50 50
40 50000 10-20 20000 0 50 50
40 50000 10-25 20000 0 50 50
40 50000 15-15 20000 0 50 50
40 50000 15-20 20000 0 50 50
40 50000 15-25 20000 0 50 50
40 50000 20-20 20000 0 50 50
40 50000 20-25 20000 0 50 50
40 50000 25-25 20000 0 50 50
40 50000 10-10 35000 0 50 50
40 50000 10-15 35000 0 50 50
40 50000 10-20 35000 0 50 50
40 50000 10-25 35000 0 50 50
40 50000 15-15 35000 0 50 50
40 50000 15-20 35000 0 50 50
40 50000 15-25 35000 0 50 50
40 50000 20-20 35000 0 50 50
40 50000 20-25 35000 0 50 50
40 50000 25-25 35000 0 50 50
40 70000 10-10 7000 0 50 50
40 70000 10-15 7000 0 50 50
40 70000 10-20 7000 0 50 50
40 70000 10-25 7000 0 50 50
40 70000 15-15 7000 0 50 50
40 70000 15-20 7000 0 50 50
40 70000 15-25 7000 0 50 50
40 70000 20-20 7000 0 50 50
40 70000 20-25 7000 0 50 50
40 70000 25-25 7000 0 50 50
40 70000 10-10 28000 0 50 50
40 70000 10-15 28000 0 50 50
40 70000 10-20 28000 0 50 50
40 70000 10-25 28000 0 50 50
40 70000 15-15 28000 0 50 50
40 70000 15-20 28000 0 50 50
40 70000 15-25 28000 0 50 50
40 70000 20-20 28000 0 50 50
40 70000 20-25 28000 0 50 50
40 70000 25-25 28000 0 50 50
40 70000 10-10 49000 0 50 50
40 70000 10-15 49000 0 50 50
40 70000 10-20 49000 0 50 50
40 70000 10-25 49000 0 50 50
40 70000 15-15 49000 0 50 50
40 70000 15-20 49000 0 50 50
40 70000 15-25 49000 0 50 50
40 70000 20-20 49000 0 50 50
40 70000 20-25 49000 0 50 50
40 70000 25-25 49000 0 50 50
40 90000 10-10 9000 0 50 50
40 90000 10-15 9000 0 50 50
40 90000 10-20 9000 0 50 50
40 90000 10-25 9000 0 50 50
40 90000 15-15 9000 0 50 50
40 90000 15-20 9000 0 50 50
40 90000 15-25 9000 0 50 50
40 90000 20-20 9000 0 50 50
40 90000 20-25 9000 0 50 50
40 90000 25-25 9000 0 50 50
40 90000 10-10 36000 0 50 50
40 90000 10-15 36000 0 50 50
40 90000 10-20 36000 0 50 50
40 90000 10-25 36000 0 50 50
40 90000 15-15 36000 0 50 50
40 90000 15-20 36000 0 50 50
40 90000 15-25 36000 0 50 50
40 90000 20-20 36000 0 50 50
40 90000 20-25 36000 0 50 50
40 90000 25-25 36000 0 50 50
40 90000 10-10 63000 0 50 50
40 90000 10-15 63000 0 50 50
40 90000 10-20 63000 0 50 50
40 90000 10-25 63000 0 50 50
40 90000 15-15 63000 0 50 50
40 90000 15-20 63000 0 50 50
40 90000 15-25 63000 0 50 50
40 90000 20-20 63000 0 50 50
40 90000 20-25 63000 0 50 50
40 90000 25-25 63000 0 50 50
55 10000 10-10 1000 0 50 50
55 10000 10-15 1000 0 50 50
55 10000 10-20 1000 0 50 50
55 10000 10-25 1000 0 50 50
55 10000 15-15 1000 0 50 50
55 10000 15-20 1000 0 50 50
55 10000 15-25 1000 0 50 50
55 10000 20-20 1000 0 50 50
55 10000 20-25 1000 0 50 50
55 10000 25-25 1000 0 50 50
55 10000 10-10 4000 0 50 50
55 10000 10-15 4000 0 50 50
55 10000 10-20 4000 0 50 50
55 10000 10-25 4000 0 50 50
55 10000 15-15 4000 0 50 50
55 10000 15-20 4000 0 50 50
55 10000 15-25 4000 0 50 50
55 10000 20-20 4000 0 50 50
55 10000 20-25 4000 0 50 50
55 10000 25-25 4000 0 50 50
55 10000 10-10 7000 0 50 50
55 10000 10-15 7000 0 50 50
55 10000 10-20 7000 0 50 50
55 10000 10-25 7000 0 50 50
55 10000 15-15 7000 0 50 50
55 10000 15-20 7000 0 50 50
55 10000 15-25 7000 0 50 50
55 10000 20-20 7000 0 50 50
55 10000 20-25 7000 0 50 50
55 10000 25-25 7000 0 50 50
55 30000 10-10 3000 0 50 50
55 30000 10-15 3000 0 50 50
55 30000 10-20 3000 0 50 50
55 30000 10-25 3000 0 50 50
55 30000 15-15 3000 0 50 50
55 30000 15-20 3000 0 50 50
55 30000 15-25 3000 0 50 50
55 30000 20-20 3000 0 50 50
55 30000 20-25 3000 0 50 50
55 30000 25-25 3000 0 50 50
55 30000 10-10 12000 0 50 50
55 30000 10-15 12000 0 50 50
55 30000 10-20 12000 0 50 50
55 30000 10-25 12000 0 50 50
55 30000 15-15 12000 0 50 50
55 30000 15-20 12000 0 50 50
55 30000 15-25 12000 0 50 50
55 30000 20-20 12000 0 50 50
55 30000 20-25 12000 0 50 50
55 30000 25-25 12000 0 50 50
55 30000 10-10 21000 0 50 50
55 30000 10-15 21000 0 50 50
55 30000 10-20 21000 0 50 50
55 30000 10-25 21000 0 50 50
55 30000 15-15 21000 0 50 50
55 30000 15-20 21000 0 50 50
55 30000 15-25 21000 0 50 50
55 30000 20-20 21000 0 50 50
55 30000 20-25 21000 0 50 50
55 30000 25-25 21000 0 50 50
55 50000 10-10 5000 0 50 50
55 50000 10-15 5000 0 50 50
55 50000 10-20 5000 0 50 50
55 50000 10-25 5000 0 50 50
55 50000 15-15 5000 0 50 50
55 50000 15-20 5000 0 50 50
55 50000 15-25 5000 0 50 50
55 50000 20-20 5000 0 50 50
55 50000 20-25 5000 0 50 50
55 50000 25-25 5000 0 50 50
55 50000 10-10 20000 0 50 50
55 50000 10-15 20000 0 50 50
55 50000 10-20 20000 0 50 50
55 50000 10-25 20000 0 50 50
55 50000 15-15 20000 0 50 50
55 50000 15-20 20000 0 50 50
55 50000 15-25 20000 0 50 50
55 50000 20-20 20000 0 50 50
55 50000 20-25 20000 0 50 50
55 50000 25-25 20000 0 50 50
55 50000 10-10 35000 0 50 50
55 50000 10-15 35000 0 50 50
55 50000 10-20 35000 0 50 50
55 50000 10-25 35000 0 50 50
55 50000 15-15 35000 0 50 50
55 50000 15-20 35000 0 50 50
55 50000 15-25 35000 0 50 50
55 50000 20-20 35000 0 50 50
55 50000 20-25 35000 0 50 50
55 50000 25-25 35000 0 50 50
55 70000 10-10 7000 0 50 50
55 70000 10-15 7000 0 50 50
55 70000 10-20 7000 0 50 50
55 70000 10-25 7000 0 50 50
55 70000 15-15 7000 0 50 50
55 70000 15-20 7000 0 50 50
55 70000 15-25 7000 0 50 50
55 70000 20-20 7000 0 50 50
55 70000 20-25 7000 0 50 50
55 70000 25-25 7000 0 50 50
55 70000 10-10 28000 0 50 50
55 70000 10-15 28000 0 50 50
55 70000 10-20 28000 0 50 50
55 70000 10-25 28000 0 50 50
55 70000 15-15 28000 0 50 50
55 70000 15-20 28000 0 50 50
55 70000 15-25 28000 0 50 50
55 70000 20-20 28000 0 50 50
55 70000 20-25 28000 0 50 50
55 70000 25-25 28000 0 50 50
55 70000 10-10 49000 0 50 50
55 70000 10-15 49000 0 50 50
55 70000 10-20 49000 0 50 50
55 70000 10-25 49000 0 50 50
55 70000 15-15 49000 0 50 50
55 70000 15-20 49000 0 50 50
55 70000 15-25 49000 0 50 50
55 70000 20-20 49000 0 50 50
55 70000 20-25 49000 0 50 50
55 70000 25-25 49000 0 50 50
55 90000 10-10 9000 0 50 50
55 90000 10-15 9000 0 50 50
55 90000 10-20 9000 0 50 50
55 90000 10-25 9000 0 50 50
55 90000 15-15 9000 0 50 50
55 90000 15-20 9000 0 50 50
55 90000 15-25 9000 0 50 50
55 90000 20-20 9000 0 50 50
55 90000 20-25 9000 0 50 50
55 90000 25-25 9000 0 50 50
55 90000 10-10 36000 0 50 50
55 90000 10-15 36000 0 50 50
55 90000 10-20 36000 0 50 50
55 90000 10-25 36000 0 50 50
55 90000 15-15 36000 0 50 50
55 90000 15-20 36000 0 50 50
55 90000 15-25 36000 0 50 50
55 90000 20-20 36000 0 50 50
55 90000 20-25 36000 0 50 50
55 90000 25-25 36000 0 50 50
55 90000 10-10 63000 0 50 50
55 90000 10-15 63000 0 50 50
55 90000 10-20 63000 0 50 50
55 90000 10-25 63000 0 50 50
55 90000 15-15 63000 0 50 50
55 90000 15-20 63000 0 50 50
55 90000 15-25 63000 0 50 50
55 90000 20-20 63000 0 50 50
55 90000 20-25 63000 0 50 50
55 90000 25-25 63000 0 50 50
