10 30000 10-20 29900 0 50 50
10 30000 10-15 29900 0 50 50
10 30000 15-20 29900 0 50 50
10 30000 5-10 29900 0 50 50
10 30000 10-20 10000 0 50 50
10 30000 10-15 10000 0 50 50
10 30000 15-20 10000 0 50 50
10 30000 5-10 10000 0 50 50
10 30000 10-20 20000 0 50 50
10 30000 10-15 20000 0 50 50
10 30000 15-20 20000 0 50 50
10 30000 5-10 20000 0 50 50
20 30000 10-20 29900 0 50 50
20 30000 10-15 29900 0 50 50
20 30000 15-20 29900 0 50 50
20 30000 5-10 29900 0 50 50
20 30000 10-20 10000 0 50 50
20 30000 10-15 10000 0 50 50
20 30000 15-20 10000 0 50 50
20 30000 5-10 10000 0 50 50
20 30000 10-20 20000 0 50 50
20 30000 10-15 20000 0 50 50
20 30000 15-20 20000 0 50 50
20 30000 5-10 20000 0 50 50
30 30000 10-20 29900 0 50 50
30 30000 10-15 29900 0 50 50
30 30000 15-20 29900 0 50 50
30 30000 5-10 29900 0 50 50
30 30000 10-20 10000 0 50 50
30 30000 10-15 10000 0 50 50
30 30000 15-20 10000 0 50 50
30 30000 5-10 10000 0 50 50
30 30000 10-20 20000 0 50 50
30 30000 10-15 20000 0 50 50
30 30000 15-20 20000 0 50 50
30 30000 5-10 20000 0 50 50
40 30000 10-20 29900 0 50 50
40 30000 10-15 29900 0 50 50
40 30000 15-20 29900 0 50 50
40 30000 5-10 29900 0 50 50
40 30000 10-20 10000 0 50 50
40 30000 10-15 10000 0 50 50
40 30000 15-20 10000 0 50 50
40 30000 5-10 10000 0 50 50
40 30000 10-20 20000 0 50 50
40 30000 10-15 20000 0 50 50
40 30000 15-20 20000 0 50 50
40 30000 5-10 20000 0 50 50
50 30000 10-20 29900 0 50 50
50 30000 10-15 29900 0 50 50
50 30000 15-20 29900 0 50 50
50 30000 5-10 29900 0 50 50
50 30000 10-20 10000 0 50 50
50 30000 10-15 10000 0 50 50
50 30000 15-20 10000 0 50 50
50 30000 5-10 10000 0 50 50
50 30000 10-20 20000 0 50 50
50 30000 10-15 20000 0 50 50
50 30000 15-20 20000 0 50 50
50 30000 5-10 20000 0 50 50
60 30000 10-20 29900 0 50 50
60 30000 10-15 29900 0 50 50
60 30000 15-20 29900 0 50 50
60 30000 5-10 29900 0 50 50
60 30000 10-20 10000 0 50 50
60 30000 10-15 10000 0 50 50
60 30000 15-20 10000 0 50 50
60 30000 5-10 10000 0 50 50
60 30000 10-20 20000 0 50 50
60 30000 10-15 20000 0 50 50
60 30000 15-20 20000 0 50 50
60 30000 5-10 20000 0 50 50
