5 10000 10-12 9950 0 50 50
10 1000 10-20 500 0 50 50
10 100000 10-20 99500 0 50 50
15 1000 7-8 950 0 50 50
15 10000 7-8 9950 0 50 50
25 1000 5-7 950 0 25 25
25 10000 5-7 9950 0 25 25
30 10000 7-8 9500 0 50 50
30 10000 7-8 9950 0 50 50
35 10000 3-5 9500 0 50 50
35 10000 3-5 9850 0 50 50
35 10000 3-5 9950 0 50 50
40 100000 1-8 99950 0 50 50
45 1000 3-4 995 0 50 50
45 5000 3-4 4800 0 50 50
45 10000 3-4 9500 0 50 50
45 10000 3-4 9995 0 50 50
50 11601 2-3 11101 0 25 25
50 11601 5-7 11101 0 25 25
50 118601 2-3 113601 0 25 25